11111111111111111111111111111111
10000000000000000000000000000001
10011100000000000000000000111001
10011100000000111000000000000001
10000000000000111000001110000001
10000000111000000000001110000001
10000000111000001111000000000001
10000000000000001111000000000001
10000000111000000000000111100001
10000000000000000000001111100001
10000111000000000000001110000001
10000111000000000000000000000001
10000000000000000111100000000001
10000000000000000111100000000001
10000000000111000000000000000001
10000000000111000000000000000001
10001110000000000000000000000001
10001110000000000000000000000001
10000000000000011100011111000001
10000000000000011100011111000001
10000000111111111100011111000001
10000000000000000000000000000001
10000000000000000000000000000001
11111111111111111111111111111111